-4.43725 0.000400199
-4.42136 0.000406609
-4.40547 0.000413122
-4.38958 0.000419739
-4.37369 0.000426462
-4.3578 0.000433293
-4.34191 0.000440233
-4.32602 0.000447285
-4.31013 0.000454449
-4.29424 0.000461728
-4.27835 0.000469124
-4.26246 0.000476638
-4.24657 0.000484272
-4.23068 0.000492029
-4.21479 0.00049991
-4.1989 0.000507917
-4.18301 0.000516053
-4.16712 0.000524318
-4.15123 0.000532717
-4.13534 0.000541249
-4.11945 0.000549919
-4.10356 0.000558727
-4.08767 0.000567676
-4.07177 0.000576769
-4.05588 0.000586007
-4.03999 0.000595393
-4.0241 0.00060493
-4.00821 0.000614619
-3.99232 0.000624464
-3.97643 0.000634466
-3.96054 0.000644629
-3.94465 0.000654954
-3.92876 0.000665444
-3.91287 0.000676103
-3.89698 0.000686932
-3.88109 0.000697935
-3.8652 0.000709114
-3.84931 0.000720472
-3.83342 0.000732012
-3.81753 0.000743737
-3.80164 0.00075565
-3.78575 0.000767753
-3.76986 0.000780051
-3.75397 0.000792545
-3.73808 0.00080524
-3.72219 0.000818137
-3.7063 0.000831242
-3.69041 0.000844556
-3.67451 0.000858083
-3.65862 0.000871828
-3.64273 0.000885792
-3.62684 0.00089998
-3.61095 0.000914395
-3.59506 0.000929041
-3.57917 0.000943922
-3.56328 0.000959041
-3.54739 0.000974403
-3.5315 0.00099001
-3.51561 0.00100587
-3.49972 0.00102198
-3.48383 0.00103835
-3.46794 0.00105498
-3.45205 0.00107188
-3.43616 0.00108905
-3.42027 0.00110649
-3.40438 0.00112421
-3.38849 0.00114222
-3.3726 0.00116051
-3.35671 0.0011791
-3.34082 0.00119799
-3.32493 0.00121718
-3.30904 0.00123667
-3.29315 0.00125648
-3.27725 0.00127661
-3.26136 0.00129706
-3.24547 0.00131783
-3.22958 0.00133894
-3.21369 0.00136038
-3.1978 0.00138217
-3.18191 0.00140431
-3.16602 0.00142681
-3.15013 0.00144966
-3.13424 0.00147288
-3.11835 0.00149647
-3.10246 0.00152044
-3.08657 0.00154479
-3.07068 0.00156954
-3.05479 0.00159468
-3.0389 0.00162022
-3.02301 0.00164617
-3.00712 0.00167254
-2.99123 0.00169933
-2.97534 0.00172655
-2.95945 0.0017542
-2.94356 0.0017823
-2.92767 0.00181085
-2.91178 0.00183985
-2.89589 0.00186932
-2.87999 0.00189926
-2.8641 0.00192968
-2.84821 0.00196059
-2.83232 0.001992
-2.81643 0.0020239
-2.80054 0.00205632
-2.78465 0.00208926
-2.76876 0.00212272
-2.75287 0.00215672
-2.73698 0.00219127
-2.72109 0.00222636
-2.7052 0.00226202
-2.68931 0.00229826
-2.67342 0.00233507
-2.65753 0.00237247
-2.64164 0.00241047
-2.62575 0.00244908
-2.60986 0.00248831
-2.59397 0.00252816
-2.57808 0.00256866
-2.56219 0.0026098
-2.5463 0.0026516
-2.53041 0.00269407
-2.51452 0.00273723
-2.49863 0.00278107
-2.48273 0.00282561
-2.46684 0.00287087
-2.45095 0.00291686
-2.43506 0.00296358
-2.41917 0.00301105
-2.40328 0.00305928
-2.38739 0.00310828
-2.3715 0.00315806
-2.35561 0.00320865
-2.33972 0.00326004
-2.32383 0.00331226
-2.30794 0.00336531
-2.29205 0.00341921
-2.27616 0.00347398
-2.26027 0.00352962
-2.24438 0.00358616
-2.22849 0.0036436
-2.2126 0.00370196
-2.19671 0.00376126
-2.18082 0.0038215
-2.16493 0.00388271
-2.14904 0.0039449
-2.13315 0.00400809
-2.11726 0.00407229
-2.10137 0.00413752
-2.08547 0.00420379
-2.06958 0.00427112
-2.05369 0.00433953
-2.0378 0.00440904
-2.02191 0.00447966
-2.00602 0.00455141
-1.99013 0.00462432
-1.97424 0.00469838
-1.95835 0.00477364
-1.94246 0.0048501
-1.92657 0.00492779
-1.91068 0.00500672
-1.89479 0.00508691
-1.8789 0.00516839
-1.86301 0.00525117
-1.84712 0.00533528
-1.83123 0.00542074
-1.81534 0.00550757
-1.79945 0.00559578
-1.78356 0.00568541
-1.76767 0.00577648
-1.75178 0.005869
-1.73589 0.00596301
-1.72 0.00605852
-1.70411 0.00615556
-1.68822 0.00625415
-1.67232 0.00635433
-1.65643 0.00645611
-1.64054 0.00655952
-1.62465 0.00666458
-1.60876 0.00677133
-1.59287 0.00687979
-1.57698 0.00698999
-1.56109 0.00710195
-1.5452 0.0072157
-1.52931 0.00733128
-1.51342 0.00744871
-1.49753 0.00756801
-1.48164 0.00768923
-1.46575 0.00781239
-1.44986 0.00793753
-1.43397 0.00806467
-1.41808 0.00819384
-1.40219 0.00832508
-1.3863 0.00845843
-1.37041 0.00859391
-1.35452 0.00873156
-1.33863 0.00887142
-1.32274 0.00901351
-1.30685 0.00915789
-1.29096 0.00930457
-1.27506 0.00945361
-1.25917 0.00960503
-1.24328 0.00975887
-1.22739 0.00991519
-1.2115 0.010074
-1.19561 0.0102354
-1.17972 0.0103993
-1.16383 0.0105659
-1.14794 0.0107351
-1.13205 0.0109071
-1.11616 0.0110818
-1.10027 0.0112593
-1.08438 0.0114396
-1.06849 0.0116228
-1.0526 0.011809
-1.03671 0.0119981
-1.02082 0.0121903
-1.00493 0.0123856
-0.989038 0.012584
-0.973147 0.0127855
-0.957257 0.0129903
-0.941366 0.0131984
-0.925476 0.0134098
-0.909586 0.0136246
-0.893695 0.0138428
-0.877805 0.0140645
-0.861914 0.0142898
-0.846024 0.0145187
-0.830134 0.0147512
-0.814243 0.0149875
-0.798353 0.0152276
-0.782462 0.0154715
-0.766572 0.0157193
-0.750682 0.0159711
-0.734791 0.0162269
-0.718901 0.0164868
-0.70301 0.0167509
-0.68712 0.0170192
-0.67123 0.0172918
-0.655339 0.0175688
-0.639449 0.0178502
-0.623558 0.0181361
-0.607668 0.0184266
-0.591778 0.0187217
-0.575887 0.0190216
-0.559997 0.0193262
-0.544106 0.0196358
-0.528216 0.0199503
-0.512326 0.0202699
-0.496435 0.0205945
-0.480545 0.0209244
-0.464654 0.0212596
-0.448764 0.0216001
-0.432874 0.0219461
-0.416983 0.0222976
-0.401093 0.0226547
-0.385202 0.0230176
-0.369312 0.0233863
-0.353422 0.0237609
-0.337531 0.0241414
-0.321641 0.0245281
-0.30575 0.024921
-0.28986 0.0253202
-0.27397 0.0257257
-0.258079 0.0261378
-0.242189 0.0265564
-0.226298 0.0269818
-0.210408 0.027414
-0.194518 0.0278531
-0.178627 0.0282992
-0.162737 0.0287525
-0.146846 0.029213
-0.130956 0.0296809
-0.115066 0.0301563
-0.0991752 0.0306394
-0.0832848 0.0311301
-0.0673944 0.0316287
-0.051504 0.0321354
-0.0356136 0.0326501
-0.0197232 0.033173
-0.00383282 0.0337044
0.0120576 0.0342442
0.027948 0.0347927
0.0438384 0.03535
0.0597288 0.0359162
0.0756192 0.0364915
0.0915096 0.037076
0.1074 0.0376699
0.12329 0.0382733
0.139181 0.0388863
0.155071 0.0395091
0.170962 0.040142
0.186852 0.0407849
0.202742 0.0414382
0.218633 0.0421019
0.234523 0.0427763
0.250414 0.0434615
0.266304 0.0441576
0.282194 0.0448649
0.298085 0.0455835
0.313975 0.0463136
0.329866 0.0470554
0.345756 0.0478091
0.361646 0.0485749
0.377537 0.049353
0.393427 0.0501435
0.409318 0.0509466
0.425208 0.0517627
0.441098 0.0525917
0.456989 0.0534341
0.472879 0.05429
0.48877 0.0551596
0.50466 0.0560431
0.52055 0.0569407
0.536441 0.0578528
0.552331 0.0587794
0.568222 0.0597209
0.584112 0.0606775
0.600002 0.0616494
0.615893 0.0626368
0.631783 0.0636401
0.647674 0.0646595
0.663564 0.0656951
0.679454 0.0667474
0.695345 0.0678165
0.711235 0.0689027
0.727126 0.0700064
0.743016 0.0711277
0.758906 0.072267
0.774797 0.0734245
0.790687 0.0746006
0.806577 0.0757955
0.822468 0.0770095
0.838358 0.078243
0.854249 0.0794962
0.870139 0.0807696
0.886029 0.0820633
0.90192 0.0833777
0.91781 0.0847132
0.933701 0.0860701
0.949591 0.0874487
0.965481 0.0888494
0.981372 0.0902725
0.997262 0.0917184
1.01315 0.0931875
1.02904 0.0946802
1.04493 0.0961967
1.06082 0.0977375
1.07671 0.099303
1.0926 0.100894
1.1085 0.10251
1.12439 0.104152
1.14028 0.10582
1.15617 0.107515
1.17206 0.109237
1.18795 0.110987
1.20384 0.112764
1.21973 0.11457
1.23562 0.116406
1.25151 0.11827
1.2674 0.120165
1.28329 0.122089
1.29918 0.124045
1.31507 0.126032
1.33096 0.12805
1.34685 0.130102
1.36274 0.132185
1.37863 0.134303
1.39452 0.136454
1.41041 0.13864
1.4263 0.14086
1.44219 0.143117
1.45808 0.145409
1.47397 0.147738
1.48986 0.150105
1.50576 0.152509
1.52165 0.154952
1.53754 0.157434
1.55343 0.159956
1.56932 0.162518
1.58521 0.165122
1.6011 0.167767
1.61699 0.170454
1.63288 0.173185
1.64877 0.175959
1.66466 0.178778
1.68055 0.181642
1.69644 0.184551
1.71233 0.187508
1.72822 0.190512
1.74411 0.193564
1.76 0.196665
1.77589 0.199816
1.79178 0.203017
1.80767 0.20627
1.82356 0.209575
1.83945 0.212932
1.85534 0.216344
1.87123 0.219811
1.88712 0.223333
1.90301 0.226912
1.91891 0.230548
1.9348 0.234242
1.95069 0.237996
1.96658 0.241811
1.98247 0.245686
1.99836 0.249624
2.01425 0.246501
2.03014 0.24262
2.04603 0.238799
2.06192 0.23504
2.07781 0.23134
2.0937 0.2277
2.10959 0.224117
2.12548 0.220591
2.14137 0.217121
2.15726 0.213707
2.17315 0.210348
2.18904 0.207042
2.20493 0.20379
2.22082 0.200589
2.23671 0.197441
2.2526 0.194343
2.26849 0.191295
2.28438 0.188296
2.30027 0.185346
2.31617 0.182445
2.33206 0.17959
2.34795 0.176783
2.36384 0.174022
2.37973 0.171306
2.39562 0.168636
2.41151 0.16601
2.4274 0.163428
2.44329 0.160889
2.45918 0.158394
2.47507 0.155941
2.49096 0.15353
2.50685 0.151161
2.52274 0.148833
2.53863 0.146546
2.55452 0.1443
2.57041 0.142094
2.5863 0.139927
2.60219 0.137801
2.61808 0.135713
2.63397 0.133665
2.64986 0.131656
2.66575 0.129685
2.68164 0.127753
2.69753 0.125859
2.71343 0.124003
2.72932 0.122186
2.74521 0.120407
2.7611 0.118665
2.77699 0.116962
2.79288 0.115297
2.80877 0.11367
2.82466 0.112081
2.84055 0.11053
2.85644 0.109018
2.87233 0.107545
2.88822 0.10611
2.90411 0.104714
2.92 0.103358
2.93589 0.102041
2.95178 0.100764
2.96767 0.0995269
2.98356 0.0983308
2.99945 0.0971757
3.01534 0.096062
3.03123 0.0949903
3.04712 0.0939611
3.06301 0.0929748
3.0789 0.0920321
3.09479 0.0911336
3.11069 0.0902798
3.12658 0.0894715
3.14247 0.0887092
3.15836 0.0879938
3.17425 0.0873259
3.19014 0.0867064
3.20603 0.0861359
3.22192 0.0856154
3.23781 0.0851455
3.2537 0.0847272
3.26959 0.0843614
3.28548 0.0840489
3.30137 0.0837906
3.31726 0.0835874
3.33315 0.0834403
3.34904 0.0833502
3.36493 0.083318
3.38082 0.0833446
3.39671 0.0834311
3.4126 0.0835783
3.42849 0.0837871
3.44438 0.0840586
3.46027 0.0843937
3.47616 0.0847931
3.49205 0.0852579
3.50795 0.085789
3.52384 0.086387
3.53973 0.087053
3.55562 0.0877876
3.57151 0.0885917
3.5874 0.0894659
3.60329 0.0904109
3.61918 0.0914274
3.63507 0.092516
3.65096 0.0936771
3.66685 0.0949113
3.68274 0.0962189
3.69863 0.0976003
3.71452 0.0990558
3.73041 0.100586
3.7463 0.10219
3.76219 0.103868
3.77808 0.105621
3.79397 0.107448
3.80986 0.10935
3.82575 0.111324
3.84164 0.113372
3.85753 0.115493
3.87342 0.117686
3.88931 0.11995
3.90521 0.122284
3.9211 0.124688
3.93699 0.127161
3.95288 0.1297
3.96877 0.132305
3.98466 0.134974
4.00055 0.137706
4.01644 0.140499
4.03233 0.14335
4.04822 0.146259
4.06411 0.149223
4.08 0.152239
4.09589 0.155305
4.11178 0.158419
4.12767 0.161578
4.14356 0.16478
4.15945 0.168021
4.17534 0.171298
4.19123 0.174608
4.20712 0.177948
4.22301 0.181314
4.2389 0.184704
4.25479 0.188113
4.27068 0.191537
4.28657 0.194974
4.30247 0.198418
4.31836 0.201866
4.33425 0.205315
4.35014 0.208758
4.36603 0.212194
4.38192 0.215617
4.39781 0.219022
4.4137 0.222406
4.42959 0.225764
4.44548 0.229092
4.46137 0.232385
4.47726 0.235638
4.49315 0.238848
4.50904 0.242009
4.52493 0.245118
4.54082 0.248169
4.55671 0.251158
4.5726 0.254081
4.58849 0.256934
4.60438 0.259712
4.62027 0.262411
4.63616 0.265027
4.65205 0.267556
4.66794 0.269993
4.68383 0.272335
4.69973 0.274579
4.71562 0.27672
4.73151 0.278755
4.7474 0.280681
4.76329 0.282494
4.77918 0.284191
4.79507 0.285771
4.81096 0.287228
4.82685 0.288562
4.84274 0.28977
4.85863 0.29085
4.87452 0.291799
4.89041 0.292615
4.9063 0.293298
4.92219 0.293846
4.93808 0.294257
4.95397 0.294531
4.96986 0.294666
4.98575 0.294663
5.00164 0.29452
5.01753 0.294239
5.03342 0.293817
5.04931 0.293257
5.0652 0.292559
5.08109 0.291723
5.09699 0.29075
5.11288 0.289642
5.12877 0.288399
5.14466 0.287024
5.16055 0.285517
5.17644 0.283882
5.19233 0.28212
5.20822 0.280233
5.22411 0.278224
5.24 0.276096
5.25589 0.273852
5.27178 0.271494
5.28767 0.269025
5.30356 0.26645
5.31945 0.263771
5.33534 0.260991
5.35123 0.258116
5.36712 0.255148
5.38301 0.25209
5.3989 0.248949
5.41479 0.245726
5.43068 0.242427
5.44657 0.239055
5.46246 0.235616
5.47835 0.232112
5.49424 0.228549
5.51014 0.224931
5.52603 0.221262
5.54192 0.217547
5.55781 0.213789
5.5737 0.209995
5.58959 0.206166
5.60548 0.202309
5.62137 0.198427
5.63726 0.194525
5.65315 0.190607
5.66904 0.186677
5.68493 0.182738
5.70082 0.178796
5.71671 0.174854
5.7326 0.170916
5.74849 0.166985
5.76438 0.163065
5.78027 0.159161
5.79616 0.155275
5.81205 0.15141
5.82794 0.14757
5.84383 0.143758
5.85972 0.139978
5.87561 0.136231
5.8915 0.13252
5.9074 0.128849
5.92329 0.12522
5.93918 0.121634
5.95507 0.118095
5.97096 0.114604
5.98685 0.111164
6.00274 0.107776
6.01863 0.104441
6.03452 0.101162
6.05041 0.0979401
6.0663 0.094776
6.08219 0.0916712
6.09808 0.0886268
6.11397 0.0856436
6.12986 0.0827224
6.14575 0.079864
6.16164 0.0770689
6.17753 0.0743375
6.19342 0.0716702
6.20931 0.0690673
6.2252 0.0665288
6.24109 0.0640548
6.25698 0.0616452
6.27287 0.0592999
6.28876 0.0570186
6.30466 0.054801
6.32055 0.0526467
6.33644 0.0505552
6.35233 0.048526
6.36822 0.0465583
6.38411 0.0446516
6.4 0.042805
6.41589 0.0410178
6.43178 0.0392892
6.44767 0.0376181
6.46356 0.0360036
6.47945 0.0344449
6.49534 0.0329407
6.51123 0.0314901
6.52712 0.030092
6.54301 0.0287453
6.5589 0.0274488
6.57479 0.0262013
6.59068 0.0250018
6.60657 0.023849
6.62246 0.0227416
6.63835 0.0216786
6.65424 0.0206587
6.67013 0.0196806
6.68602 0.0187433
6.70192 0.0178454
6.71781 0.0169858
6.7337 0.0161633
6.74959 0.0153767
6.76548 0.0146248
6.78137 0.0139065
6.79726 0.0132205
6.81315 0.0125659
6.82904 0.0119415
6.84493 0.0113461
6.86082 0.0107788
6.87671 0.0102384
6.8926 0.00972386
6.90849 0.00923428
6.92438 0.00876861
6.94027 0.0083259
6.95616 0.0079052
6.97205 0.00750559
6.98794 0.00712618
7.00383 0.00676611
7.01972 0.00642452
7.03561 0.00610061
7.0515 0.00579359
7.06739 0.00550268
7.08328 0.00522714
7.09918 0.00496625
7.11507 0.00471933
7.13096 0.00448571
7.14685 0.00426474
7.16274 0.0040558
7.17863 0.00385829
7.19452 0.00367165
7.21041 0.00349533
7.2263 0.00332878
7.24219 0.00317151
7.25808 0.00302304
7.27397 0.00288289
7.28986 0.00275063
7.30575 0.00262582
7.32164 0.00250807
7.33753 0.00239699
7.35342 0.0022922
7.36931 0.00219335
7.3852 0.00210012
7.40109 0.00201217
7.41698 0.00192922
7.43287 0.00185096
7.44876 0.00177714
7.46465 0.00170748
7.48054 0.00164174
7.49644 0.0015797
7.51233 0.00152112
7.52822 0.00146581
7.54411 0.00141356
7.56 0.00136418
7.57589 0.00131751
7.59178 0.00127337
7.60767 0.00123162
7.62356 0.00119209
7.63945 0.00115466
7.65534 0.00111919
7.67123 0.00108555
7.68712 0.00105365
7.70301 0.00102335
7.7189 0.000994573
7.73479 0.000967209
7.75068 0.000941174
7.76657 0.000916382
7.78246 0.000892754
7.79835 0.000870217
7.81424 0.000848702
7.83013 0.000828144
7.84602 0.000808483
7.86191 0.000789661
7.8778 0.000771628
7.8937 0.000754332
7.90959 0.000737729
7.92548 0.000721775
7.94137 0.000706431
7.95726 0.000691658
7.97315 0.000677424
7.98904 0.000663694
8.00493 0.00065044
8.02082 0.000637633
8.03671 0.000625246
8.0526 0.000613256
8.06849 0.000601641
8.08438 0.000590378
8.10027 0.00057945
8.11616 0.000568836
8.13205 0.000558521
8.14794 0.000548489
8.16383 0.000538725
8.17972 0.000529216
8.19561 0.00051995
8.2115 0.000510913
8.22739 0.000502096
8.24328 0.000493488
8.25917 0.00048508
8.27506 0.000476864
8.29096 0.00046883
8.30685 0.000460971
8.32274 0.000453281
8.33863 0.000445752
8.35452 0.000438378
8.37041 0.000431154
8.3863 0.000424074
8.40219 0.000417133
8.41808 0.000410326
8.43397 0.00040365
8.44986 0.000397099
8.46575 0.00039067
8.48164 0.000384359
8.49753 0.000378163
8.51342 0.000372078
8.52931 0.000366101
8.5452 0.00036023
8.56109 0.000354462
8.57698 0.000348794
8.59287 0.000343223
8.60876 0.000337748
8.62465 0.000332365
8.64054 0.000327074
8.65643 0.000321871
8.67232 0.000316756
8.68822 0.000311725
8.70411 0.000306777
8.72 0.000301912
8.73589 0.000297125
8.75178 0.000292418
8.76767 0.000287787
8.78356 0.000283231
8.79945 0.000278749
8.81534 0.00027434
8.83123 0.000270002
8.84712 0.000265733
8.86301 0.000261534
8.8789 0.000257401
8.89479 0.000253335
8.91068 0.000249334
8.92657 0.000245397
8.94246 0.000241522
8.95835 0.00023771
8.97424 0.000233958
8.99013 0.000230265
9.00602 0.000226632
9.02191 0.000223056
9.0378 0.000219537
9.05369 0.000216073
9.06958 0.000212665
9.08547 0.00020931
9.10137 0.000206009
9.11726 0.00020276
9.13315 0.000199562
9.14904 0.000196415
9.16493 0.000193317
9.18082 0.000190269
9.19671 0.000187268
9.2126 0.000184315
9.22849 0.000181409
9.24438 0.000178549
9.26027 0.000175733
9.27616 0.000172963
9.29205 0.000170235
9.30794 0.000167551
9.32383 0.00016491
9.33972 0.00016231
9.35561 0.000159751
9.3715 0.000157232
9.38739 0.000154753
9.40328 0.000152313
9.41917 0.000149912
9.43506 0.000147549
9.45095 0.000145222
9.46684 0.000142933
9.48273 0.00014068
9.49863 0.000138462
9.51452 0.000136279
9.53041 0.00013413
9.5463 0.000132016
9.56219 0.000129935
9.57808 0.000127886
9.59397 0.00012587
9.60986 0.000123886
9.62575 0.000121933
9.64164 0.00012001
9.65753 0.000118118
9.67342 0.000116256
9.68931 0.000114424
9.7052 0.00011262
9.72109 0.000110844
9.73698 0.000109097
9.75287 0.000107377
9.76876 0.000105684
9.78465 0.000104018
9.80054 0.000102378
9.81643 0.000100764
9.83232 9.91757e-05
9.84821 9.76122e-05
9.8641 9.60733e-05
9.87999 9.45588e-05
9.89589 9.30681e-05
9.91178 9.16009e-05
9.92767 9.01568e-05
9.94356 8.87355e-05
9.95945 8.73366e-05
9.97534 8.59597e-05
9.99123 8.46046e-05
10.0071 8.32708e-05
10.023 8.19581e-05
10.0389 8.0666e-05
10.0548 7.93943e-05
10.0707 7.81427e-05
10.0866 7.69108e-05
10.1025 7.56983e-05
10.1184 7.45049e-05
10.1342 7.33304e-05
10.1501 7.21743e-05
10.166 7.10365e-05
10.1819 6.99166e-05
10.1978 6.88144e-05
10.2137 6.77296e-05
10.2296 6.66618e-05
10.2455 6.56109e-05
10.2614 6.45766e-05
10.2773 6.35585e-05
10.2931 6.25565e-05
10.309 6.15704e-05
10.3249 6.05997e-05
10.3408 5.96444e-05
10.3567 5.87041e-05
10.3726 5.77786e-05
10.3885 5.68678e-05
10.4044 5.59712e-05
10.4203 5.50889e-05
10.4362 5.42204e-05
10.452 5.33656e-05
10.4679 5.25243e-05
10.4838 5.16963e-05
10.4997 5.08813e-05
10.5156 5.00792e-05
10.5315 4.92897e-05
10.5474 4.85126e-05
10.5633 4.77479e-05
10.5792 4.69951e-05
10.5951 4.62543e-05
10.611 4.55251e-05
10.6268 4.48074e-05
10.6427 4.4101e-05
10.6586 4.34057e-05
10.6745 4.27215e-05
10.6904 4.2048e-05
10.7063 4.13851e-05
10.7222 4.07327e-05
10.7381 4.00905e-05
10.754 3.94585e-05
10.7699 3.88364e-05
10.7857 3.82242e-05
10.8016 3.76216e-05
10.8175 3.70285e-05
10.8334 3.64447e-05
10.8493 3.58702e-05
10.8652 3.53047e-05
10.8811 3.47481e-05
10.897 3.42003e-05
10.9129 3.36612e-05
10.9288 3.31305e-05
10.9447 3.26082e-05
10.9605 3.20942e-05
10.9764 3.15882e-05
10.9923 3.10902e-05
11.0082 3.06001e-05
11.0241 3.01177e-05
11.04 2.96429e-05
11.0559 2.91756e-05
11.0718 2.87156e-05
11.0877 2.82629e-05
11.1036 2.78174e-05
11.1194 2.73788e-05
11.1353 2.69472e-05
11.1512 2.65224e-05
11.1671 2.61043e-05
11.183 2.56927e-05
11.1989 2.52877e-05
11.2148 2.4889e-05
11.2307 2.44967e-05
11.2466 2.41105e-05
11.2625 2.37304e-05
11.2783 2.33563e-05
11.2942 2.29881e-05
11.3101 2.26257e-05
11.326 2.2269e-05
11.3419 2.19179e-05
11.3578 2.15724e-05
11.3737 2.12323e-05
11.3896 2.08976e-05
11.4055 2.05681e-05
11.4214 2.02439e-05
11.4373 1.99247e-05
